0.00778969
0.0078487
0.00788286
0.00793876
0.00788053
0.00783783
0.00792789
0.00789373
0.00781299
0.00780522
0.00790227
0.00793255
0.00795429
0.00786112
0.00794808
0.00796594
0.00789218
0.00783783
0.00789063
0.00778814
0.00782929
0.0078883
0.00791237
0.0078914
0.00791702
0.00784637
0.00785258
0.00783084
0.00794497
0.0078914
0.00788286
0.00782696
0.00796361
0.00797758
0.00787199
0.00793954
0.00793488
0.00781764
0.00790926
0.00781842
0.00789373
0.00784948
0.00783628
0.00786112
0.00786733
0.00791935
0.00780212
0.00776951
0.00788597
0.00782463
0.00785802
0.00781531
0.00782696
0.00792556
0.00795352
0.00792401
0.00790693
0.00783317
0.00784637
0.00777649
0.00788674
0.00785336
0.00787432
0.0078914
0.00788286
0.00793721
0.00774311
0.00791004
0.00792401
0.00789839
0.00777184
0.0078324
0.00776097
0.00791625
0.00789373
0.00784482
0.00784948
0.00788053
0.00788752
0.00782851
0.0078091
0.00786268
0.00780289
0.0079015
0.00780677
0.00784171
0.00794886
0.0078914
0.00787122
0.00792401
0.00785258
0.00790848
0.00787743
0.00789528
0.00776951
0.00794187
0.0079706
0.0078487
0.00793255
0.0077959
0.00788674
0.00787044
0.00790615
0.00792945
0.00780367
0.00788519
0.00790771
0.00788209
0.00791392
0.00788131
0.00791237
0.00796516
0.00785957
0.00786423
0.00780367
0.0078192
0.00794575
0.0079178
0.00781454
0.00782463
0.00786268
0.00782308
0.00784404
0.00794653
0.00786733
0.00794187
0.00788597
