0.00810851
0.00829102
0.00813459
0.00801726
0.00782172
0.00807592
0.00776305
0.00823236
0.00787386
0.00808244
0.00812155
0.00773698
0.00822584
0.00778913
0.00797163
0.00802378
0.00790645
0.00818673
0.00808896
0.00782172
0.00771743
0.00771091
0.00801726
0.00719598
0.00809548
0.00765876
0.00805637
0.00771743
0.00823236
0.00770439
0.00793904
0.00802378
0.0076718
0.0077435
0.00813459
0.00769135
0.00771743
0.00788038
0.00787386
0.00775002
0.00786734
0.00759358
0.0076718
0.00769787
0.00782172
0.00777609
0.00771091
0.00768484
0.00791949
0.00778913
0.0078152
0.00787386
0.00804333
0.00813459
0.00782823
0.00777609
0.00797815
0.00771091
0.00784127
0.00765876
0.00755448
0.00818673
0.00786083
0.0080303
0.00811503
0.00824539
0.00799771
0.00816066
0.0078152
0.00747626
0.00783475
0.00812155
0.00794556
0.00784127
0.00758055
0.00769787
0.00782172
0.00763921
0.0080694
0.00789993
0.0079586
0.0078152
0.00757403
0.00762617
0.00775002
0.00753492
0.00735893
0.0077435
0.00746322
0.00788038
0.00771091
0.00782172
0.00773046
0.00782823
0.00787386
0.00831709
0.00801074
0.00823888
0.00795208
0.00778913
0.00782172
0.0073459
0.00796511
0.00790645
0.00818673
0.00763269
0.00739804
0.00791949
0.00788038
0.00817369
0.00804333
0.00831057
0.00783475
0.00775654
0.00759358
0.00800422
0.00754796
0.00797163
0.00765225
0.00827147
0.00785431
0.00789342
0.00785431
0.00795208
0.0082128
0.0079586
0.00818673

