0.00790933
0.00782018
0.00780532
0.00788587
0.00786241
0.00787257
0.00786084
0.0080235
0.00789525
0.0079195
0.00789525
0.00788118
0.00787492
0.00789682
0.00793279
0.0078452
0.00790464
0.00791168
0.00793905
0.00792028
0.00788587
0.00783817
0.00785615
0.0078366
0.00792184
0.00793123
0.00782956
0.00786866
0.00794296
0.00786866
0.00788665
0.00784755
0.0079281
0.00785537
0.00788978
0.00782644
0.00782956
0.00786241
0.00784911
0.00786319
0.00787961
0.00786866
0.00783817
0.00790698
0.00784286
0.00792888
0.00791715
0.00779828
0.00783582
0.0078452
0.00784286
0.00787727
0.00787727
0.00790464
0.00785302
0.00791011
0.00791402
0.00782956
0.00784286
0.00785381
0.00790855
0.00783347
0.00792184
0.00777873
0.00788743
0.00781158
0.00783817
0.00793044
0.00787961
0.00782331
0.00792732
0.0079281
0.00783113
0.00790698
0.00788743
0.00783269
0.00785224
0.00788978
0.00782253
0.00788509
0.00792106
0.00789213
0.00787648
0.00783973
0.00790386
0.00783035
0.00785772
0.00788587
0.0078194
0.00793592
0.0078757
0.00782409
0.00785068
0.00790307
0.00781158
0.00790386
0.00780063
0.00788822
0.00780141
0.00783035
0.00789213
0.00793748
0.00804853
0.00792966
0.00788743
0.00777873
0.00797111
0.00781862
0.00783269
0.00783113
0.00793357
0.00787101
0.00790229
0.0079281
0.00789056
0.00782644
0.00788352
0.0079062
0.00792732
0.0077756
0.00794296
0.00789213
0.00778968
0.00788978
0.00779203
0.00788352
0.00776778
