0.007580547594
0.008141104132
0.00810851343
0.008115031756
0.007763054222
0.008330128156
0.007834753022
0.007841271348
0.008075922728
0.007750018034
0.008167176507
0.007978151552
0.007743499707
0.007639210206
0.007750018034
0.008141104132
0.008193248883
0.007697873283
0.007880379446
0.007632692344
0.007769572083
0.00787386205
0.007841271348
0.007704391144
0.007834753022
0.007684837095
0.007789126597
0.007723945659
0.008049850352
0.008082441054
0.008330128156
0.007782608271
0.008180212229
0.00801725965
0.007795644458
0.007965114899
0.007697873283
0.008088959381
0.00745018525
0.007971633226
0.00785430707
0.007554475218
0.007795644458
0.007378486451
0.007926006801
0.007834753022
0.007795644458
0.008336646482
0.007560993079
0.00773046352
0.00777609041
0.008043332025
0.007860825397
0.007750018034
0.007763054222
0.007932524197
0.008225838654
0.007476257626
0.008043332025
0.007782608271
0.008193248883
0.008251911029
0.008147621527
0.008147621527
0.008049850352
0.007841271348
0.007932524197
0.008004223928
0.007560993079
0.007671800908
0.007619656157
0.00803681463
0.007789126597
0.00794556085
0.007554475218
0.007926006801
0.007847789675
0.007978151552
0.008082441054
0.007782608271
0.007893416099
0.008010742255
0.007671800908
0.007906451821
0.007554475218
0.007671800908
0.007756535895
0.008095476776
0.007841271348
0.00785430707
0.00754143903
0.007678318769
0.007554475218
0.008004223928
0.008062887006
0.008212802932
0.007899934426
0.007828234695
0.007939042524
0.008023777977
0.007704391144
0.007841271348
0.007580547594
0.007750018034
0.007404558826
0.007997705601
0.007645728532
0.007847789675
0.007932524197
0.008251911029
0.007815198973
0.008128067479
0.007691354956
0.00801725965
0.007515366189
0.007717427332
0.007867343724
0.008317092434
0.00754143903
0.00832361076
0.008141104132
0.007678318769
0.008043332025
0.007476257626
0.007939042524
0.00787386205
0.008173693903
