0.00823547704376545
0.00804733413753257
0.00804733413753257
0.00794546543272757
0.00804733413753257
0.00788077816867489
0.00794546543272757
0.00791992792347232
0.00804733413753257
0.00787221870463953
0.00788077816867489
0.00781688714559605
0.00794546543272756
0.0078197441053156
0.00791992792347232
0.00791992792347232
0.00804733413753257
0.00787221870463953
0.00787221870463953
0.00779183239490964
0.00788077816867489
0.00774613505543428
0.00781688714559605
0.0078197441053156
0.00794546543272756
0.00779183239490964
0.0078197441053156
0.00779183239490964
0.00791992792347232
0.00781688714559605
0.00791992792347232
0.00794546543272757
0.00804733413753257
0.00788077816867489
0.00787221870463953
0.0078197441053156
0.00787221870463953
0.00774613505543428
0.00779183239490964
0.00781688714559605
0.00788077816867489
0.00774613505543428
0.00774613505543428
0.00774613505543428
0.00781688714559605
0.00774613505543428
0.0078197441053156
0.00788077816867489
0.00794546543272756
0.00781688714559605
0.00779183239490964
0.00779183239490964
0.0078197441053156
0.00774613505543428
0.00779183239490964
0.00787221870463953
0.00791992792347232
0.0078197441053156
0.00781688714559605
0.00787221870463953
0.00791992792347232
0.00788077816867489
0.00794546543272757
0.00804733413753257
0.00804733413753257
0.00794546543272757
0.00788077816867489
0.00791992792347232
0.00787221870463953
0.00781688714559605
0.0078197441053156
0.00791992792347232
0.00787221870463953
0.00779183239490964
0.00774613505543428
0.0078197441053156
0.00779183239490964
0.00779183239490964
0.00781688714559605
0.00794546543272757
0.00788077816867489
0.0078197441053156
0.00774613505543428
0.00781688714559605
0.00774613505543428
0.00774613505543428
0.00774613505543428
0.00788077816867489
0.00781688714559605
0.00779183239490964
0.00774613505543428
0.00787221870463953
0.0078197441053156
0.00787221870463953
0.00788077816867489
0.00804733413753257
0.00794546543272757
0.00791992792347232
0.00781688714559605
0.00791992792347232
0.00779183239490964
0.0078197441053156
0.00779183239490964
0.00794546543272757
0.0078197441053156
0.00781688714559605
0.00774613505543428
0.00788077816867489
0.00779183239490964
0.00787221870463953
0.00787221870463953
0.00804733413753257
0.00791992792347232
0.00791992792347232
0.0078197441053156
0.00794546543272757
0.00781688714559605
0.00788077816867489
0.00787221870463953
0.00804733413753257
0.00791992792347232
0.00794546543272757
0.00788077816867489
0.00804733413753257
0.00794546543272757
0.00804733413753257
0.00804733413753257